[-4581.7529548527882, -4016.7951153849672, -3946.7075072087114, -3924.278159925319, -3922.4532649859129, -3921.9531502781306]
[-4665.3355492883666, -3767.7505598624784, -3711.8157195258691, -3704.6178170382609, -3693.0677114242953, -3689.9399117998464, -3688.0566930330897, -3686.8738872088679, -3686.873812987842]
[-4553.6197049803668, -3748.5124846975946, -3644.5194467114543, -3637.2183058187325, -3626.3322198574424, -3625.8570697368687]
[-4713.4697910714876, -3949.549714485207, -3844.5459454986367, -3820.3164035302752, -3808.0888893434262, -3795.2985598746409, -3795.146078273373]
[-4626.0344294271972, -3751.4198669397533, -3694.1878737243474, -3682.6498313131679, -3682.3541422127505]
[-4355.8518021021555, -3698.3861352878203, -3627.3337995075913, -3613.587661527351, -3606.3400778559749, -3606.3399970817613]
[-4559.9183395234377, -3699.4964953929166, -3643.3837934948519, -3630.4263880234171, -3622.3255115935581, -3619.9069241126754, -3619.906924107258]
[-4722.2900215616519, -3708.1399871453259, -3589.8373114663414, -3578.3394531668851, -3563.3803025885813, -3563.3800297380508]
[-4689.4984500887813, -3631.6093272904541, -3498.8093156721957, -3488.1789865261471, -3486.4286854034526, -3486.4286763690679]
[-4705.3962214847079, -3983.6298002406879, -3883.7375576194818, -3846.6216712638634, -3843.2445219384081, -3843.2445219180613]
[-4733.2328193312142, -3695.0339914952156, -3630.2817625982857, -3624.692406385665, -3623.1120890359148, -3623.1120849545659]