[-4254.3117900232101, -3600.5686319961278, -3460.7526449052016, -3451.5625350914806, -3451.0669454276299]
[-3786.1960484450969, -3117.5312045562487, -3017.158017164636, -2996.3445502865316, -2996.3307798595415]
[-5327.6881854519834, -4366.9472520264962, -4283.4513301390116, -4282.1099683818711, -4282.0977799799239]
[-5001.2715804436893, -4078.8481861917176, -4022.8375497652446, -4011.2403318269826, -4011.1397525291973]
[-4346.360851529399, -3664.1387471908479, -3581.5474950756306, -3561.3821123036687, -3552.969138852824, -3552.9685779165129]
[-4439.181360087252, -3741.7344001566498, -3690.1693263418729, -3686.548795901791, -3686.4900635671293]
[-3995.6836228913921, -3293.6765553814644, -3206.8567379799233, -3201.3042692837648, -3200.4403275573382]
[-4743.2779126175992, -4024.5634445675914, -3927.1630414724409, -3907.3223886845153, -3903.7100742893845, -3903.1851848082338]
[-4623.6577115501032, -3910.7925011720854, -3851.1292137687597, -3846.1336650661028, -3845.1850433646209]
[-5171.7129133761582, -4355.5242020861688, -4282.5527237416145, -4273.0099298523619, -4272.5391626063083]
[-4355.8518021021555, -3698.3861352878203, -3627.3337995075913, -3613.587661527351, -3606.3400778559749, -3606.3399970817613]
[-4316.776041572507, -3597.5332736541422, -3534.0957824585321, -3530.7829714174995, -3529.2180261989488, -3529.2179296805489]
[-4763.120884284649, -4048.9895194444262, -3983.9092626880642, -3974.5072744839085, -3970.4465511533485, -3967.8617755621685, -3966.3369311565998, -3965.9790685949642]
[-4375.6880437153541, -3604.4492579559892, -3526.8790019588487, -3517.5516873533716, -3515.8359318065227, -3515.8359317851659]
[-5206.3319590380161, -4276.5933848419081, -4255.5594316128636, -4245.79070182531, -4241.0863770658025, -4241.0790549283429]
[-5464.3629963219082, -4547.4578993782679, -4515.413140530407, -4513.0161855723754, -4512.8786440019385]
[-4909.9449363099311, -4110.4667886181705, -4020.4439047613077, -4014.3138275687652, -4013.2966959361634, -4013.2766204415802]
[-5020.0465462428328, -4205.9681340419274, -4130.2198259145453, -4121.3187885715452, -4107.1634683032435, -4103.9966379537182, -4103.9882974426673]
[-4281.2761450560702, -3441.9840061694172, -3353.3819721349869, -3346.7969241178725, -3342.9526631720287, -3342.6632369062686]
[-4373.1953217607252, -3460.0670250264229, -3421.1298390892725, -3418.3718681184127, -3414.8987797468876, -3412.3238250140898, -3412.3232537141407]
[-6012.3027260997487, -5192.5936450238814, -5142.2605764613854, -5113.4720179501273, -5092.2423134751734, -5080.4242214035721, -5070.9122183574736, -5070.2171681805194]
[-4764.2763468785615, -4017.9918919779866, -3930.5512931107987, -3898.7640645448701, -3877.7958137367436, -3864.1746763073443, -3856.7135455040134, -3856.7045085622881]
[-3874.970639942901, -3074.6712717283076, -3034.8553060169684, -3029.914265534298, -3029.5563491402095]
[-4240.5551090909121, -3439.672130099651, -3322.0152234652401, -3320.1698795828502, -3309.690930628326, -3303.4469811146823, -3296.7026142089485, -3291.3590949552008, -3289.4239504096709, -3289.1527681044868]
[-5751.0252438548096, -4685.994128164406, -4620.6670762633266, -4613.4672992823025, -4602.4655808492307, -4591.3368758858542, -4590.0949890581769, -4589.5266913406304]
[-5332.2725101251799, -4506.9342545592481, -4420.326667820912, -4400.0416660887831, -4381.1576825801667, -4379.8473961234686, -4377.0317258395326, -4367.7191596682296, -4356.7195341659899, -4356.5365776687549]
[-4206.1803217584302, -3481.6154384081274, -3383.4006869762661, -3373.7287184948195, -3367.279469129523, -3361.2629047870928, -3360.4502218612183]
[-3715.943804636448, -2960.0880038489991, -2892.0085082952605, -2874.6743177270037, -2874.1314993226379]
[-4401.2678437185104, -3577.178721118531, -3408.4271890573359, -3386.9457211367676, -3371.6955442708581, -3368.0333757450649, -3367.4540591692685]
[-3820.9123942578949, -3144.7500471708918, -3043.9086464866136, -3012.7312730710005, -2997.7846643305693, -2987.9000222503769, -2981.0298394926917, -2969.3895349436107, -2956.1201849953659, -2940.5192645541761, -2940.1057358696835]
[-4644.562376738766, -3745.3410894405065, -3690.4289934921021, -3689.5037107445773]
[-4642.1805795142427, -3793.7678385027684, -3743.3671467247073, -3727.9933088564126, -3722.6324681220444, -3722.6300445812317]
[-4210.1058865139339, -3511.7518491879414, -3424.3989593055671, -3400.2444010120012, -3398.8108267648458, -3398.0818354940002]
[-4217.3919956333384, -3444.74219865041, -3399.2232768401459, -3392.7020660271278, -3381.931472474525, -3377.7489410486687, -3371.0088442788865, -3368.782847178215, -3368.782847124668]
[-5189.9392048665031, -4145.6177046573339, -4069.1052378896338, -4055.6508930484351, -4050.5804030411059, -4047.8227742491108, -4047.6194445341821]
[-4927.8169672595759, -3897.7272251869317, -3837.1008277511773, -3829.5075334790554, -3826.5724138674659, -3817.4827689969038, -3792.8589650845906, -3787.4576125894891, -3782.9473161216906, -3782.7614317831494]
[-6153.8040506100069, -5141.8093467974286, -5094.7876269235821, -5085.8492321201684, -5085.2879012415706]
[-6686.1867230252947, -5509.8361206768432, -5470.0895440896684, -5469.384564619947]
[-5528.0749906332931, -4688.6581026585909, -4576.3277654642898, -4502.7441411644295, -4463.0455535375459, -4447.533262431084, -4438.5046799932106, -4438.5046781248511]
[-5273.4767860261609, -4476.9029638753746, -4422.1757968578586, -4388.8950209194436, -4305.056658587845, -4277.9043981099021, -4273.6004747020406, -4273.6004580090648]
[-4300.3524951818681, -3291.2329284832181, -3222.3546008562421, -3203.9684777204038, -3179.9656370673583, -3151.687340116423, -3149.2063492575207, -3138.9370398145825, -3128.3910652989562, -3119.860273624025, -3119.6789942368046]
[-4898.6515574228733, -3855.9784521520728, -3782.6412315908701, -3759.8579990059097, -3758.7391128746494, -3750.6084266742509, -3738.0938360324212, -3713.9705060642223, -3711.9819997536952, -3711.9787807176185]
[-4806.6666391131848, -3959.5454877700899, -3740.4597388952025, -3722.8967196609115, -3718.8699299156729, -3718.8666511645456]
[-4409.4138762020939, -3464.2458518246226, -3388.5075149646341, -3383.6729238229086, -3383.6723525904245]